XXXXXXXXXXXXXXXXXXXXXXXXXXXXXXXX X
XXXXXXXXXXXXXXXXXXXXXXXXXXXXXXXX X
XXXXXXXXXXXXXXXXXXXXXXXXXXXXXXXX X
XXXXXXXXXXXXXXXXXXXXXXXXXXXXXXXX X
XXXXXXXXXXXXXXXXXXXXXXXXXXXXXXXX X
XXXXXXXXXXXXXXXXXXXXXXXXXXXXXXXX X
XXXXXXXXXXXXXXXXXXXXXXXXXXXXXXXX X
XXXXXXXXXXXXXXXXXXXXXXXXXXXXXXXX X
XXXXXXXXXXXXXXXXXXXXXXXXXXXXXXXX X
XXXXXXXXXXXXXXXXXXXXXXXXXXXXXXXX X
XXXXXXXXXXXXXXXXXXXXXXXXXXXXXXXX X
XXXXXXXXXXXXXXXXXXXXXXXXXXXXXXXX X
XXXXXXXXXXXXXXXXXXXXXXXXXXXXXXXX X
XXXXXXXXXXXXXXXXXXXXXXXXXXXXXXXX X
XXXXXXXXXXXXXXXXXXXXXXXXXXXXXXXX X
10111111101010110111001100101100 1
01000010001000100110101011110001 1
11000010000000100101011001010001 1
01000001110011010000101110111000 1
11000001001110110111001011010111 1
11000001100010110110101111110000 1
11000001110101001100001000010110 1
01000001001110100111110111010000 1
01000010000101100000101000010011 1
01000010001001010110110011100001 1
11000001101101011101000011110100 1
01000000010010011111110001000001 1
01000001001011001011110111010111 1
01000001101110010000000010111010 1
11000000001011111011101101010000 1
10111111111011111100010101000101 1
11000000000101000001100001010010 1
01000010010100111000110111001100 1
11000000111100001001000111000101 1
01000001101110101001101101110010 1
11000001010111000111111110110101 1
10111110000011011111011000001111 1
11000001000001111011010100011011 1
01000010001001000111011100110110 1
01000001111001100010100101101100 1
01000010000100010101010100111000 1
11000001001000000000010001000000 1
11000001010000010000001111011001 1
11000000100111010001110100010011 1
10111111110101010110011011010001 1
01000000111111110010000000101000 1
11000000010101011000001100111010 1
11000001111110110010000101110110 1
11000010001000000001011000000010 1
11000010001011111011001101001100 1
11000000000101100011110011110001 1
01000010000000101110000001000100 1
11000000101111111000100000011010 1
01000001111010000000100111000101 1
11000010001111100110000100000110 1
01000001100001110110001001000010 1
00111110010101101001111001000110 1
01000000110110000010101010110010 1
01000001100011110001111011011100 1
11000001101111101101101000101001 1
11000001110010011000000000110011 1
11000001100100011110110101001010 1
11000001010101011100100000010100 1
11000000110001100001011000000101 1
10111110100111110011000110110000 1
11000001100011100100111111111100 1
11000001011110110010100000010111 1
01000010000000010110100110110010 1
01000000110001110101010100011000 1
11000001101101010000011000101110 1
10111111001101111101111000001101 1
01000001100010100000010111100100 1
01000001010111110010000011000000 1
11000000001010001101011110010001 1
11000010000110100100011011001111 1
01000001111101101001111111111000 1
11000001101001001100110000001011 1
11000001011010100010111010101110 1
01000000101111110010010110111000 1
10111111001110111011011000110011 1
01000000101010010110001100100111 1
01000001111000110000010011111101 1
01000000101011111101111101100111 1
11000001011111111010100101011110 1
11000010000111100110001110100101 1
01000000100011000001111101101100 1
11000001101101100010010111000010 1
01000010000100110110111001011100 1
11000010001010111110110110111001 1
10111111110011011011110011111000 1
11000001110111110011001000110111 1
11000001000011110010111000110010 1
10111111011111110100101011111011 1
01000001011101001100110000110111 1
11000000100011001010100101011000 1
11000000101111000001001001001011 1
01000000111010111111110101000110 1
01000001100110010001100110011010 1
11000001011100101000000110011001 1
01000010000011000001111011101111 1
11000001111101100011100010110101 1
01000000111010010100010101100011 1
01000001101100000000010001101111 1
01000001000101010001101011010101 1
11000001101000101110001101101110 1
00111110100110111001110101100010 1
11000001000111100001001010101011 1
00111111100000101001010100000101 1
01000001010001111000101101000001 1
01000001101100001011000001001001 1
11000010000000101100100111100111 1
01000000100011111000011101011110 1
10111111100100110100011010011010 1
11000001000111100011001001000101 1
01000000111101001110100000100000 1
.
